-186.392586666152
-264.906729274486
-242.436965250988
-258.774289779541
-251.915227577355
-259.834982226539
-258.611961007600
-261.510084580798
-261.643267923305
-264.466151552358
-263.746351762759
-264.298676023869
-266.625709590031
-267.782868075721
-269.037453992855
-268.772412087473
-271.760684183920
-272.843954605253
-273.261525736116
-274.037542403081
-274.546623584317
-273.894660362206
-275.374076280626
-275.504559402629
-277.601411215772
-278.175214780245
-277.892800851097
-279.697886532115
-278.932273445778
-271.291998354820
-258.430341602978
-239.958321816228
-219.051194567071
-194.734346706632
-166.481571864206
-138.093949252715
-106.358218465886
-73.2050646507632
-40.7796173716999
-12.8372655264887
8.38838855407339
23.4926703403106
29.0181006825887
28.4121499628800
22.7330366623081
10.3149143288365
0.717631285759624
-15.7097775059330
-30.4619836555578
-46.0913629794745
-58.8397627622024
-72.1630434773223
-86.7381598571878
-97.9319732545382
-110.980487731358
-121.230013888152
-130.297593254498
-138.655325369727
-147.511476003860
-154.039012063774
-162.194980416617
-168.436833716433
-176.013276115020
-181.126760462728
-187.350751002367
-194.708567598629
-199.193454910467
-203.028948151700
-206.193904887907
-209.685516338781
-212.686624805764
-214.924344961843
-216.236982505498
-216.535116192506
-217.885806022585
-217.802881835266
-217.453000875912
-216.251605010848
-214.094835541176
-210.938930983105
-208.950031149145
-206.480847099104
-202.952450726555
-201.398866442786
-198.889716869924
-197.611701568776
-196.170533938605
-196.178508957872
-194.623403386298
-193.599906423924
-192.116925824477
-192.254028683930
-192.852623832085
-193.901561141765
-194.268606593358
-194.865562075368
-196.282430815100
-198.024862955626
-199.463877108702
-202.414111197420
-204.693460323623
-206.847311230965
-210.413055405223
-212.974194170015
-215.773529647291
-218.318084182111
-222.574379243600
-224.730043893016
-228.132711335933
-231.053730144277
-232.765558489348
-235.792021986129
-239.004097615807
-238.979112109815
-243.254475130818
-243.966347937802
-247.266437249629
-247.683949392927
-253.089988617685
-253.676125671579
-254.860741122778
-255.933179909011
-256.703780566957
-259.908622750422
-260.470929181051
-261.877830268470
-262.388572156271
-264.254478275150
-264.259078579647
-265.206009194556
-266.473663589674
-267.901342282994
-268.164386003925
-268.246448092762
-269.867248075847
-271.559887821935
-271.982113065972
-273.151045187041
-272.742665571999
-274.870736198300
-271.574307909665
-264.596241342696
-251.320982663655
-232.060035286431
-208.454708088050
-183.966967688707
-154.239674527329
-124.329263232886
-92.6132069773503
-57.0702814155329
-26.9412402468971
0.444187983298244
22.0102611370656
35.6410215258557
41.0498757753064
40.3885615037982
33.1821541220492
23.5473247700425
11.2205359761024
-2.62648619789047
-16.6527951074161
-32.0787026812980
-47.1924856859278
-59.5603308017452
-72.4025067964870
-85.4816690960032
-97.0936141286344
-107.014050649390
-115.865328839021
-123.423403296470
-130.922784807701
-137.488822501950
-145.020448058496
-151.296936254765
-158.016556373137
-162.373976220228
-168.943204059486
-176.567378083457
-181.325861282447
-186.447826223092
-190.907190845747
-195.344017585260
-198.439479550143
-200.871994103555
-203.121395614967
-205.421109119467
-203.815838476377
-205.218762213148
-202.597928409417
-201.698770696908
-201.246648412943
-199.087457279222
-195.604713554716
-193.774837029732
-190.482058442213
-188.754775928728
-186.975585126087
-184.047775861950
-183.088676742625
-182.355302642369
-182.206064751933
-179.972563757919
-179.932635989069
-180.133196451658
-180.206429528839
-181.881056174957
-183.561848918799
-185.656343291879
-187.779022291313
-188.250432245176
-191.534222937087
-192.909300165847
-198.006191326810
-198.833173602362
-202.487520872320
-205.334497908302
-208.013390797636
-211.390738139682
-216.716655862669
-219.492266653066
-223.422103523124
-224.494450963274
-226.086214754636
-231.662191557646
-233.930664681776
-236.257000448154
-236.874848266609
-240.412216907154
-240.756415622583
-244.061386190393
-246.979732621541
-248.033290913355
-246.192885356375
-250.380789199385
-251.739448040645
-252.029687469848
-252.824138157883
-254.139020858632
-255.713761962491
-257.457994889453
-259.894090341159
-260.093257316467
-261.507455948392
-260.571856829701
-261.737204243310
-264.038392334719
-263.425651185658
-264.757930136744
-265.144058363611
-266.609416634963
-265.077223632965
-259.861808380412
-248.246794513843
-229.866036934780
-208.133902249712
-184.004282138194
-156.381681349098
-127.588026038925
-93.6363576831593
-60.0167093891921
-26.2507969943279
3.36944698665679
27.2332747831701
44.0085307148140
50.0987949775874
51.8811161352795
44.9681649009074
35.7002839749214
23.4642218143997
10.7569569729243
-3.48994092910263
-17.7956607602994
-32.5479422742363
-46.7473339445651
-62.3513456580026
-73.8262685703426
-85.5062020099875
-96.5496146817698
-106.796513298918
-115.128520818831
-122.310455119023
-127.971270168767
-136.670636129555
-142.565741844830
-147.986925555277
-153.895420916669
-159.719618166208
-167.051686866537
-172.005248580977
-177.938116955401
-182.264182848232
-189.178837692000
-191.172979263260
-193.847944294367
-196.535254055200
-198.252271073467
-198.407746560094
-201.070870979824
-200.379280808400
-200.306248037693
-198.425276658511
-198.056137896412
-196.340946345190
-192.645322972135
-191.329872279314
-187.047857108146
-184.151316287623
-182.901462102980
-183.327938818938
-180.124220961373
-179.198226914071
-178.209151983142
-178.841513042657
-179.529010682959
-180.408734256746
-181.302684318133
-179.285799135869
-182.164400793093
-184.244681635097
-186.185211629636
-187.902451247924
-189.763803781637
-195.147126461093
-197.585613693004
-199.502962456625
-203.394910350042
-207.359233703737
-209.845392432501
-214.507283956753
-216.812004956201
-217.926429678214
-222.894896828556
-225.313410171287
-227.861892584440
-230.670914810846
-233.471016982555
-234.541679689723
-238.289915351050
-241.017691490898
-243.412537809757
-246.009456550799
-248.803520351174
-249.553683247003
-252.547319582233
-251.632553637382
-253.735575746862
-254.435236516181
-254.566281102187
-256.753869105117
-257.183742890145
-258.874887099728
-262.041592582540
-263.150813599111
-261.380370725882
-263.267804590556
-264.720103389121
-264.839809398255
-266.484822191100
-266.923853707908
-267.820902650201
-267.562960015908
-268.708832015886
-269.788101233664
-266.798724289654
-262.238218462680
-249.726790071292
-232.385417632446
-210.255244504760
-185.326836167936
-156.712910195025
-126.203943000514
-92.7091109018922
-59.3505670517723
-25.1902089809799
2.93754325219029
27.2444899588785
44.2058025387393
50.9281298353773
51.2774451563485
44.8724242174806
35.7189059598228
21.7876553205244
6.92083012379489
-6.71282410033011
-21.3223654020516
-37.8820035312903
-50.4184549458575
-65.4439254194001
-78.8915758154012
-91.7700330545300
-102.588944838557
-112.469388697457
-118.897904041376
-126.597421183852
-132.971516311980
-140.037462742223
-147.850655114533
-154.927491197452
-161.099758168405
-166.554582635411
-172.916732815766
-177.371834024552
-183.094079208576
-187.184887806343
-192.035998932092
-196.378666227429
-197.789525113713
-201.553034583738
-202.964121996889
-204.728235566935
-204.081023240319
-202.550003354286
-203.430492290882
-199.363405219547
-199.500627304586
-196.245511343651
-194.597206348714
-192.672874739631
-190.709383383257
-189.296433296738
-187.213497487488
-184.981004420651
-182.829056813381
-182.485199109281
-181.324427520293
-180.635639184328
-181.771122217272
-183.401659686729
-183.293477868340
-183.624215652884
-186.410170965832
-186.238704226357
-189.539844279690
-192.407963833998
-192.900960125073
-199.162636235552
-197.360703094098
-202.343075907610
-204.439941846203
-207.982349921051
-211.284028620596
-214.150624575670
-215.851488382168
-220.828781363491
-222.333062937828
-226.369624811977
-228.970226236759
-231.124128950438
-234.685607950480
-236.461443689604
-239.774647896702
-242.996538272778
-244.881073561423
-247.801987229886
-249.053665778404
-251.691041010533
-252.384710828374
-253.727391002561
-255.180344589007
-255.724885674376
-257.748341843526
-258.936906413083
-259.412089257970
-261.416320489768
-262.061523224912
-264.177730396602
-264.289585865151
-264.468967383202
-266.048677146557
-266.900815239536
-267.861269639159
-267.639036223152
-268.114262769534
-268.178973056347
-269.307238935892
-270.365213736214
-270.376641104599
-270.879040406737
-267.043347242322
-257.864815015078
-241.530546525427
-220.773723971924
-196.287376712728
-169.912000814207
-140.052537895009
-107.797549029403
-72.3598600896804
-39.8516877892488
-7.48285254325058
19.3256173869836
37.0343852944108
47.0338909779850
47.6986834967569
43.8224760753278
34.7377711872584
22.3989741860524
8.32415199411878
-6.83029322197806
-22.6061132223655
-38.8075154572262
-54.1860488637912
-67.3812296374027
-80.2684086879283
-93.0047054343180
-104.238137306063
-113.608334143723
-120.768454212104
-130.507032717561
-139.087527481953
-144.977874116893
-153.414423565540
-157.715861640348
-165.316700390370
-170.468014482260
-176.650698237459
-184.108785147597
-186.892391770068
-193.229028753815
-196.862562800508
-199.807606326625
-203.841828967202
-205.298743955924
-208.015804367639
-208.988357932165
-207.723512684094
-209.635614735917
-208.262667854946
-207.290574063460
-206.434534301501
-204.189216641808
-200.110352934902
-198.443655602170
-194.148399993127
-193.930428058426
-190.145892003026
-188.412348110659
-187.429325204372
-186.184656820394
-185.103466268232
-185.087349454970
-185.917248181375
-185.930501517423
-186.850907119894
-186.800729582528
-188.561001158447
-187.433230547599
-189.252995125064
-191.431815185681
-194.350727303148
-197.152950885715
-199.256240823454
-202.517972562508
-205.974641684627
-209.262127904349
-213.018311198308
-215.679545823709
-218.749550283905
-222.598794698541
-224.480567233969
-227.255124374496
-230.238120255271
-232.441501616646
-234.393885654704
-238.697345563270
-241.369309134401
-243.666367196297
-245.378744465515
-247.896680461216
-250.634040347702
-251.543090307743
-253.547740847117
-254.723016841517
-256.280071829358
-259.078436825532
-257.923990568134
-259.748308931400
-262.071360268084
-262.089906730940
-264.453944497391
-266.164847296338
-265.909504209048
-267.943820624198
-267.534738080722
-268.214258141667
-268.487411958862
-271.358064470814
-272.249732002718
-271.658326810325
-271.902512405736
-274.038678917185
-273.666631728783
-270.686246044958
-260.828420286757
-245.734568061225
-224.905098200818
-202.618760752426
-175.706293808616
-148.820874134023
-115.785071908553
-82.9884353017435
-47.7517360530505
-15.5510970211712
9.20596611253161
28.9997388236323
40.8307786679101
43.7416439033304
38.4863172237084
31.0851754041178
17.6956570362770
5.39842411594288
-10.2015511828414
-25.2184678044865
-39.4387028779385
-55.1293202051034
-70.8429137242068
-84.2940837756336
-96.1478599191257
-109.275960801940
-117.452446672825
-127.035144843603
-135.826802624482
-143.100565173216
-150.658013046667
-156.345761934299
-164.032615741831
-171.646226170029
-176.288323038317
-181.828200420432
-187.432059416552
-194.565341448253
-198.468690375504
-201.877620286812
-206.355086848568
-208.093723933279
-211.473352482350
-213.078092686715
-214.812038161766
-214.828219798122
-211.748822146297
-212.798205678326
-211.612867814605
-210.796536212120
-207.487448258032
-207.106530912120
-204.276615118431
-201.707039833053
-200.348844672397
-197.797244497594
-195.003959156064
-192.277396235585
-192.891020910930
-191.078590522551
-190.872546212019
-190.421703751160
-191.036576620737
-191.797073199687
-193.424675928278
-193.486264419697
-196.319896234115
-195.965677060185
-199.563484615892
-201.119877162732
-202.199108728965
-206.262256754470
-208.098178045310
-210.497800340248
-213.747744848787
-216.147356399248
-219.988353690929
-221.494161795142
-226.661853211779
-228.569880403892
-230.469133531791
-234.592867910058
-236.489356268371
-239.166407216921
-240.978000163398
-243.652510868572
-247.123112124860
-249.610166318507
-250.596403180839
-252.692072203696
-255.165362562840
-257.144172151588
-258.901738090513
-260.348724807477
-260.539167351335
-262.762204876163
-263.729353476423
-264.034853497631
-265.698542134726
-266.339303512781
-267.812682098695
-269.057738223505
-269.151605021717
-269.250816338708
-271.605144660921
-271.601965294575
-271.948720956208
-273.651196355864
-276.596386422095
-275.873045186475
-273.549416928615
-270.468564235506
-263.601230810785
-247.607685622282
-227.338873865904
-204.400891983887
-177.948138597101
-148.699546586601
-117.893965444765
-85.2212434935454
-52.2442268299651
-22.6500054779209
3.36142607513672
21.1815344956303
30.0780473650480
33.8009280726961
30.6444917633944
20.4240716037090
9.08528569383118
-1.35778445431852
-18.1526537854590
-32.2794869065845
-46.5204442466315
-61.9710362333900
-75.5433035985444
-88.6981656973850
-100.154254371769
-112.631759119541
-121.221889728118
-131.171935059782
-139.926589734400
-146.763252389947
-154.366676712523
-160.896774230664
-167.714760315960
-176.113209106676
-180.596809873665
-187.322799782918
-192.701689154210
-196.751113883105
-200.863002634204
-206.526626819942
-209.018971136177
-212.780562970525
-212.376433660204
-215.717775357605
-215.927994873018
-216.283111291539
-214.603932317653
-212.605906701914
-212.822279236589
-211.470381591733
-210.948515206096
-207.053187374644
-205.951661251366
-204.098785188211
-200.911680280524
-198.136305177210
-197.295864480362
-195.518417298533
-192.738860339819
-191.627669802878
-189.753860599219
-188.921187613650
-190.624516651507
-190.606146518526
-193.188515282230
-191.783547416924
-194.528882445140
-195.350356454083
-198.042559241968
-200.386403094363
-200.986251944600
-204.989690101917
-207.668676279163
-209.707936520312
-211.920764284900
-214.359416783232
-217.028275349681
-219.582552036946
-222.151567379419
-226.654918155669
-227.495014813121
-230.088666452999
-232.339453276404
-234.296800580748
-236.202152266571
-239.309643548951
-239.665622962009
-242.550205668416
-243.958650339370
-245.347501932643
-245.903778682587
-248.806703862494
-248.692968204710
-251.498653591140
-252.191723140443
-251.786393741559
-253.209584788371
-255.938915626284
-255.469669100467
-256.026305053516
-256.109584802748
-258.078948310290
-259.248350066968
-260.502621345858
-262.881445101530
-262.573926935049
-263.635298288874
-264.601361170966
-262.438140085548
-255.736034716317
-245.165433035829
-227.985556248366
-205.399897340785
-179.501096732952
-152.956833925820
-122.031967946299
-88.6567971289733
-56.1308018237396
-23.3029035242178
4.28782430295698
27.2266805339043
41.5103488123748
48.0244709191759
49.5582237177755
44.2140823007150
34.3152003355261
20.7199956648638
6.47801854014143
-8.91196850115377
-24.0064196274536
-39.1022215360497
-54.2961689521029
-68.2125651845908
-80.4671786772243
-91.6038017308170
-102.470850171363
-112.097229999279
-120.508389674743
-127.986559603446
-136.597639938170
-143.228267492313
-150.435724253698
-155.877237778992
-160.818498005460
-168.854977330996
-171.858580985958
-178.200913766462
-184.178330142301
-188.458041552077
-192.083191797204
-195.076289365542
-196.899953937430
-199.882853801964
-200.718082681549
-203.627760022289
-202.934066794795
-203.969250744446
-204.231193432046
-202.010425877682
-200.298150791262
-197.768516926015
-195.198300351439
-194.724917884384
-191.760060973335
-192.058241461882
-189.860357183602
-190.637025138275
-188.068189166188
-184.519764792374
-185.053755986526
-187.431813790499
-185.840625462570
-185.190490089133
-187.115890795467
-189.320605939763
-189.683676191995
-192.298631123862
-193.669853837601
-196.498030078920
-200.683835803458
-201.422367559366
-203.441053016560
-207.241532029181
-210.161745980145
-210.787012385012
-214.941807600685
-217.352297153867
-221.049530741163
-224.153359436387
-225.615613988132
-229.024293589716
-230.109638723950
-234.405965070093
-237.516140955102
-240.431134267438
-242.695521385534
-244.722948852717
-246.019855502354
-248.608745460238
-251.099095043156
-251.535351766486
-255.190600997682
-256.290684119004
-255.337064553160
-256.631791741402
-260.689608800757
-263.026489685210
-260.786278427219
-264.114494056962
-265.078192774562
-265.921124929175
-267.766210635560
-269.062290588538
-267.836361477328
-270.284461752575
-270.860249824087
-271.045809698331
-271.973132080264
-271.901098391713
-271.699040897437
-274.318052481061
-271.843355640018
-268.538554176147
-260.163967854285
-245.244524471337
-224.805611804742
-200.984303423500
-177.046149666850
-146.164418901380
-114.922680372555
-81.0632860166749
-45.5311906800614
-13.3219431692470
12.5616213157968
33.1226788243301
45.2786052391114
49.9638146237043
48.6136319563253
39.7533089565012
26.9195060679312
11.7214681090956
-3.38608962741106
-17.1834459805216
-35.3485022812669
-49.0410321193069
-64.0148876544790
-76.9694931242691
-88.6068497744603
-102.586787005034
-113.163394634061
-123.134303838078
-132.133668295472
-136.909596869287
-145.166778577288
-152.118280020829
-158.491324564908
-165.706653496101
-171.485148525440
-176.485134708899
-180.516551651730
-187.366665334285
-192.638115530434
-196.111434959481
-200.288860968586
-203.767940546155
-205.119619462360
-208.273271553666
-208.290586540530
-208.456344024394
-208.514615238969
-209.043885010611
-207.453305137028
-206.368082013990
-204.217359140222
-201.962082871116
-199.293574503859
-197.645462826214
-196.348514235218
-194.443358251889
-193.419040552926
-191.736856860426
-190.718971298787
-191.407653201713
-189.719607610265
-189.657482029295
-190.322286568728
-189.043108787552
-191.960867431410
-189.099573245928
-192.054439052513
-192.747838125402
-196.856058688151
-199.837749316679
-202.301557842039
-204.740484290526
-207.489297982749
-211.012969804163
-211.988511591670
-214.632926869479
-218.390770741631
-220.040703490980
-222.626239677088
-226.029404037274
-227.428792739133
-231.002636359361
-232.848757967652
-235.851287019638
-239.419225578237
-240.959848961668
-244.831586979047
-247.083254525651
-248.025216857999
-251.852224210491
-251.405175037412
-252.346709178344
-256.486238647534
-258.217520989683
-257.736828640370
-259.124172394746
-262.035000985396
-262.572577429998
-263.504319635595
-265.546791773756
-267.400576155631
-269.093653602960
-267.941350974618
-269.084127440316
-271.951741582465
-272.156718079868
-272.547393298004
-273.677950803317
-274.725335691162
-272.266246818974
-267.736264969750
-255.908580063807
-240.050843867188
-217.432352679642