Top 512 Floating-Point Values (Q10.6):
51.875000
51.281250
50.921875
50.093750
49.968750
49.562500
48.609375
48.031250
47.703125
47.031250
45.281250
44.968750
44.875000
44.218750
44.203125
44.015625
43.828125
43.734375
41.515625
41.046875
40.828125
40.390625
39.750000
38.484375
37.031250
35.718750
35.703125
35.640625
34.734375
34.312500
33.796875
33.187500
33.125000
31.078125
30.640625
30.078125
29.015625
29.000000
28.406250
27.250000
27.234375
27.234375
26.921875
23.546875
23.500000
23.468750
22.734375
22.406250
22.015625
21.781250
21.187500
20.718750
20.421875
19.328125
17.703125
12.562500
11.718750
11.218750
10.750000
10.312500
9.203125
9.078125
8.390625
8.328125
6.921875
6.484375
5.390625
4.281250
3.375000
3.359375
2.937500
0.718750
0.437500
-1.359375
-2.625000
-3.390625
-3.484375
-6.718750
-6.828125
-7.484375
-8.906250
-10.203125
-12.843750
-13.328125
-15.546875
-15.703125
-16.656250
-17.187500
-17.796875
-18.156250
-21.328125
-22.609375
-22.656250
-23.296875
-24.000000
-25.187500
-25.218750
-26.250000
-26.937500
-30.468750
-32.078125
-32.281250
-32.546875
-35.343750
-37.875000
-38.812500
-39.109375
-39.437500
-39.859375
-40.781250
-45.531250
-46.093750
-46.515625
-46.750000
-47.187500
-47.750000
-49.046875
-50.421875
-52.250000
-54.187500
-54.296875
-55.125000
-56.125000
-57.062500
-58.843750
-59.343750
-59.562500
-60.015625
-61.968750
-62.343750
-64.015625
-65.437500
-67.375000
-68.218750
-70.843750
-72.156250
-72.359375
-72.406250
-73.203125
-73.828125
-75.546875
-76.968750
-78.890625
-80.265625
-80.468750
-81.062500
-82.984375
-84.296875
-85.218750
-85.484375
-85.500000
-86.734375
-88.609375
-88.656250
-88.703125
-91.609375
-91.765625
-92.609375
-92.703125
-93.000000
-93.640625
-96.140625
-96.546875
-97.093750
-97.937500
-100.156250
-102.468750
-102.593750
-102.593750
-104.234375
-106.359375
-106.796875
-107.015625
-107.796875
-109.281250
-110.984375
-112.093750
-112.468750
-112.625000
-113.156250
-113.609375
-114.921875
-115.125000
-115.781250
-115.859375
-117.453125
-117.890625
-118.890625
-120.515625
-120.765625
-121.218750
-121.234375
-122.031250
-122.312500
-123.140625
-123.421875
-124.328125
-126.203125
-126.593750
-127.031250
-127.593750
-127.968750
-127.984375
-130.296875
-130.500000
-130.921875
-131.171875
-132.140625
-132.968750
-135.828125
-136.593750
-136.671875
-136.906250
-137.484375
-138.093750
-138.656250
-139.093750
-139.921875
-140.031250
-140.046875
-142.562500
-143.093750
-143.234375
-144.984375
-145.015625
-145.171875
-146.171875
-146.765625
-147.515625
-147.843750
-147.984375
-148.703125
-148.828125
-150.437500
-150.656250
-151.296875
-152.125000
-152.953125
-153.421875
-153.890625
-154.031250
-154.234375
-154.359375
-154.921875
-155.875000
-156.343750
-156.375000
-156.718750
-157.718750
-158.015625
-158.484375
-159.718750
-160.812500
-160.890625
-161.093750
-162.187500
-162.375000
-164.031250
-165.312500
-165.703125
-166.484375
-166.546875
-167.046875
-167.718750
-168.437500
-168.859375
-168.937500
-169.906250
-170.468750
-171.484375
-171.640625
-171.859375
-172.000000
-172.921875
-175.703125
-176.015625
-176.109375
-176.281250
-176.484375
-176.562500
-176.656250
-177.046875
-177.375000
-177.937500
-177.953125
-178.203125
-178.203125
-178.843750
-179.203125
-179.281250
-179.500000
-179.531250
-179.937500
-179.968750
-180.125000
-180.140625
-180.203125
-180.406250
-180.515625
-180.593750
-180.640625
-181.125000
-181.296875
-181.328125
-181.328125
-181.765625
-181.828125
-181.875000
-182.171875
-182.203125
-182.265625
-182.359375
-182.484375
-182.828125
-182.906250
-183.093750
-183.093750
-183.296875
-183.328125
-183.406250
-183.562500
-183.625000
-183.968750
-184.000000
-184.046875
-184.109375
-184.156250
-184.171875
-184.250000
-184.515625
-184.984375
-185.046875
-185.093750
-185.109375
-185.187500
-185.328125
-185.656250
-185.843750
-185.921875
-185.937500
-186.187500
-186.187500
-186.234375
-186.390625
-186.406250
-186.453125
-186.796875
-186.843750
-186.890625
-186.968750
-187.046875
-187.109375
-187.187500
-187.218750
-187.328125
-187.343750
-187.359375
-187.421875
-187.437500
-187.437500
-187.437500
-187.781250
-187.906250
-188.062500
-188.250000
-188.406250
-188.453125
-188.562500
-188.750000
-188.921875
-189.046875
-189.093750
-189.171875
-189.250000
-189.296875
-189.328125
-189.546875
-189.656250
-189.687500
-189.718750
-189.750000
-189.765625
-189.859375
-190.140625
-190.328125
-190.421875
-190.484375
-190.609375
-190.625000
-190.640625
-190.703125
-190.718750
-190.875000
-190.906250
-191.031250
-191.078125
-191.171875
-191.328125
-191.406250
-191.437500
-191.531250
-191.625000
-191.734375
-191.765625
-191.781250
-191.796875
-191.953125
-192.031250
-192.046875
-192.062500
-192.078125
-192.109375
-192.250000
-192.281250
-192.296875
-192.406250
-192.640625
-192.640625
-192.671875
-192.703125
-192.734375
-192.750000
-192.859375
-192.890625
-192.906250
-192.906250
-193.187500
-193.234375
-193.421875
-193.421875
-193.484375
-193.593750
-193.671875
-193.781250
-193.843750
-193.906250
-193.937500
-194.140625
-194.265625
-194.343750
-194.437500
-194.531250
-194.562500
-194.593750
-194.625000
-194.703125
-194.718750
-194.734375
-194.859375
-195.000000
-195.078125
-195.140625
-195.203125
-195.343750
-195.343750
-195.515625
-195.609375
-195.968750
-196.109375
-196.171875
-196.171875
-196.250000
-196.281250
-196.281250
-196.312500
-196.343750
-196.343750
-196.375000
-196.500000
-196.531250
-196.750000
-196.859375
-196.859375
-196.906250
-197.156250
-197.296875
-197.359375
-197.578125
-197.609375
-197.640625
-197.765625
-197.796875
-197.796875
-198.000000
-198.031250
-198.046875
-198.062500
-198.140625
-198.250000
-198.406250
-198.421875
-198.437500
-198.437500
-198.468750
-198.828125
-198.890625
-199.093750
-199.156250
-199.187500
-199.250000
-199.296875
-199.359375
-199.468750
-199.500000
-199.500000
-199.562500
-199.812500
-199.843750
-199.890625
-200.109375
-200.281250
-200.296875
